Greedo -2,-1 -3,1 -2,3 1,3 4,2 3,1 1,1 1,-1 -2,-1
John 4,4 3,1 -4,-3 -2,5 -1,-2 4,4
Jane -7,8 -6,-7 -3,6 2,-1 -7,7 -7,8
Alice 2,-1 5,6 -5,6 -4,-3 -9,4 2,-1
Bob -6,3 -5,6 3,-7 4,5 -8,5 -6,3
Eve 5,2 7,2 -4,1 6,3 -1,-5 5,2
Charlie -8,6 -3,-7 -1,-1 -4,-7 -6,7 -8,6
Olivia -5,1 1,-2 -5,-6 -2,6 -7,-3 -5,1
David 0,-2 6,6 -7,-5 -7,-2 -4,2 0,-2
Sophia 1,6 -6,-7 4,-5 4,4 5,4 1,6
William -7,4 -5,1 3,-1 -8,-3 7,-2 -7,4
Karen 2,6 -9,-7 0,6 2,1 -1,0 2,6
Michael 7,5 4,-7 -5,4 -7,-8 -5,6 7,5
Emily 6,-7 -9,5 6,-3 -9,-7 2,3 6,-7
Daniel -8,-4 2,-7 -7,7 8,-6 -8,-1 -8,-4
Megan -4,8 0,-8 -2,7 0,-5 -8,5 -4,8
